.Random.seed <-
c(10403L, 10L, 2086515512L, 1731993062L, -1036523135L, 128982291L, 
-528786750L, -424557196L, -495979145L, 511999597L, 1120489732L, 
809452586L, 27572629L, 2129841711L, -250451146L, 473445216L, 
617019811L, -1897338175L, -254557520L, 614686158L, -1340509895L, 
1741278539L, -1086355718L, -566048772L, -1955870657L, -1868656363L, 
567204396L, 471172866L, 112444381L, -654102825L, 747018686L, 
1005362168L, 1345253339L, 1909588537L, 277021576L, 50373430L, 
934650225L, 449297315L, 36547314L, 896985668L, -1113770745L, 
693284061L, -1193514540L, -584110854L, 1768494149L, 292930719L, 
-1104787930L, 810418864L, 1137774419L, 782776945L, -386512992L, 
353103678L, -1368525239L, 767906555L, 253465290L, 410465324L, 
-10261457L, -139492123L, -1838289508L, 81334258L, -1856517523L, 
1550061479L, -779988530L, -200403160L, -2110989013L, 2081681225L, 
-1714187176L, 250753286L, -1075319583L, 660507763L, 1666447586L, 
798777428L, -1987631785L, -1695263411L, -325588764L, 1226462410L, 
-1868277451L, 328175503L, 47467670L, 1011172416L, 94901507L, 
1631926561L, -1018760688L, 941554158L, 952126873L, 602585643L, 
-634844390L, 2114384348L, 1085638623L, -1739358283L, -921941684L, 
-770703454L, 1263146749L, -1491478537L, 1996976414L, 2139036632L, 
-893190853L, 2055412441L, -863046040L, 1003333526L, -1545424111L, 
479485123L, -1516137262L, -1374854812L, 785806503L, -77850115L, 
-2071972876L, -1905242918L, -922132955L, 2039624511L, 259522758L, 
1395662160L, -1465686669L, -839323759L, 1628225984L, 1259750302L, 
-42115735L, -2110642789L, -1481520982L, 1173894860L, -1014261873L, 
-525052987L, 747648892L, -1372207150L, -225630387L, -1936165369L, 
1907181038L, 985387208L, -314171445L, -1992951255L, -1125857160L, 
1149748646L, -2086367295L, -949840813L, 793557762L, 464707124L, 
2005949367L, 1898400685L, -846552892L, -2132994838L, 226155349L, 
-1871762193L, -262053130L, -818016736L, -1551477789L, 1150507137L, 
1117669104L, -728734322L, 1181797113L, -1766422389L, -1040428870L, 
-2031582276L, 307009791L, 1217522773L, 1203394412L, -1220933694L, 
631894045L, 595775639L, 627731966L, -810050120L, 573043099L, 
-93456391L, -1332027576L, 2120133238L, 819717041L, -72253981L, 
1256497842L, 163028740L, -824376249L, -1574251747L, 246671764L, 
984010042L, -2039336571L, 442335839L, 741106918L, -673220752L, 
-392841069L, -264800975L, -1519344672L, 692875390L, 2083236617L, 
1124396347L, -1978187510L, 1254559980L, 42327407L, 1138467493L, 
580475996L, 1599634482L, -64300243L, -1012735513L, 1199201550L, 
-152423704L, 1560345835L, 721925513L, -491027176L, 216344646L, 
-2138550111L, -150874317L, -474855774L, -1902496364L, 669342743L, 
1993460749L, -860632796L, -86940406L, 1959462005L, -1875169329L, 
-474517290L, 771641472L, -1742270781L, 1268471905L, -2066798384L, 
1481794094L, -1629674535L, 1388260331L, -369358246L, -1612137444L, 
-1629484769L, 1333500277L, 1898158092L, -839990814L, -1631167811L, 
-420661961L, 590166494L, 809819928L, -1293044101L, -1154567143L, 
35202216L, -116433322L, -491308335L, -1964651608L, 339209420L, 
2009471484L, 1798545330L, 1826696688L, -1540395580L, 724123992L, 
388945274L, -927740496L, 992330684L, -1675937708L, 1002287042L, 
1114482720L, 443171004L, -1911899568L, -1496016926L, 775327336L, 
264629836L, 1120704764L, 287899634L, 1922381056L, -1656214668L, 
942221320L, -468088390L, -1109865008L, 322544620L, -694363244L, 
-1712649262L, -582627488L, 1343904076L, -166244064L, 402042754L, 
-597217560L, 1933322476L, -775086532L, 1474220914L, -346450320L, 
1179405348L, 1113562936L, 1195884698L, 138057424L, -1601129284L, 
-183510380L, 1652943490L, 283611328L, 2097104188L, -386017136L, 
1238875682L, 1859574280L, 1073288460L, 35496604L, 883488274L, 
-989412992L, 1356620308L, 1554464296L, -1748983494L, 145357776L, 
1362325100L, 1562135348L, 2109534866L, 1415157088L, -224291508L, 
1571427296L, 1183149986L, 1327959976L, 1220366220L, 862980796L, 
421653362L, -786775824L, 1873157188L, 1941814616L, -17199046L, 
1645900656L, 221795388L, 59878164L, 33267138L, -1510904608L, 
389789564L, -1499564336L, 1230379682L, 1776964648L, 1047093516L, 
-123593796L, 213554482L, 1737705408L, 1210279476L, -2063311928L, 
-1885752134L, 885499792L, -1472984596L, -1315531692L, -823444846L, 
-1259013344L, 1735524812L, 1429122016L, 1887303362L, 2042443304L, 
457010860L, 1588139708L, 466952690L, 592746800L, -1878570844L, 
-1411585352L, -2088521894L, 1134181776L, -920810116L, 1465815316L, 
963984706L, -1789967616L, 1603759036L, 1807475536L, -1522813662L, 
-759576248L, 532073484L, 521833564L, -534317870L, 1412183040L, 
1058899796L, 1594411496L, -632136710L, -716813616L, -1636227796L, 
328416500L, -1327922286L, -411382688L, 1044404492L, 964618976L, 
-2145643166L, 1122637480L, 1162587724L, 616264572L, -192331982L, 
-2138496400L, 749171012L, -1959868456L, 1861252218L, 2045844016L, 
-2045522244L, -614244524L, -1254486462L, 1945460640L, -1624712004L, 
656044496L, 181367138L, -867702808L, -1769358388L, -1036374276L, 
-135199758L, 187446400L, -1161879308L, -1551613816L, 412954938L, 
-1069018288L, -177004436L, -806888300L, 1649460562L, -1971735840L, 
-405713716L, -1622942560L, -1232175742L, 53169384L, 1053871340L, 
-1174099908L, -323449742L, -1238901648L, 578720292L, 85956152L, 
-1872055782L, -197569328L, 769099324L, 250929300L, 1905773698L, 
-788821056L, -1671007940L, 1062923920L, -744561630L, 1078079496L, 
2026108044L, -71523300L, 561033362L, 243688576L, 522222612L, 
-329271512L, 5302330L, -2006828848L, 1325709420L, 830631604L, 
-1441944558L, -2009517088L, -1513045044L, -1851940384L, 955254818L, 
874292520L, 101159180L, 767672892L, -1104570126L, 1269783792L, 
-1677035708L, -1923613608L, 431412794L, 1503703280L, -1638893892L, 
-254758380L, -697713470L, 1847306848L, 1719943548L, 881429712L, 
317507618L, 1519613096L, 67101068L, 2056663484L, 1939369010L, 
1644640064L, -957762892L, 1708653896L, 685168314L, -896646384L, 
-1654818580L, 2123369556L, -1912034542L, -47641184L, 2082944972L, 
206386016L, -115589950L, -950787544L, -579191380L, 934366012L, 
-499708327L, -403053842L, 538003836L, -1522869779L, 1349928599L, 
1547428192L, 1141077310L, -738376181L, -1538645363L, -961880134L, 
-849424904L, -1164023391L, 83857235L, -719348108L, -2129305598L, 
1798691479L, 1893385313L, -607133530L, 266080420L, -1650333355L, 
103537151L, 531308696L, 2001939894L, 565052995L, -950416507L, 
-1496813534L, -2041486576L, 1602014905L, -1139137685L, -842696100L, 
-790284406L, -352139393L, -957187383L, -657484962L, -809031668L, 
-942950435L, -1908096281L, -1793352944L, 214381102L, -2140288805L, 
1442248125L, 1488790314L, -1610126392L, -2116097807L, 925025891L, 
-789032348L, -663793262L, -1886265753L, 1301921329L, -736984202L, 
1838971028L, -1867102555L, -1945443409L, -1216999320L, 1920767046L, 
422904307L, 1462009173L, -1298815182L, 1316498176L, -1530662935L, 
890401371L, 6818988L, 1605358266L, -179652497L, 1205663225L, 
-1501859698L, 249887068L, -1801391667L, -1956768457L, -1418729536L, 
1548075166L, 567600491L, 1053793517L, -265798310L, 121630232L, 
-2031498367L, -97750733L, -1839947948L, -63964830L, -1536118281L, 
1379320385L, -1630464314L, -882698236L, -674596939L, 1332979871L, 
-2037558024L, -503251754L, 885349731L, 735099173L, 33259202L, 
-1937421392L, 483350489L, -1556709045L, -551237700L, 779476970L, 
-933287905L, 1563397801L, -1217883586L, 441098028L, -2095257219L, 
269318087L, 370286256L, -1112978226L, 1185633787L, 934850141L, 
1156315530L, 1400644008L, -1560240367L, -487965181L, -1249994492L, 
1435700530L, 896588679L, -1364842031L, -499522730L, 1545636148L, 
1946867781L, 1789223055L, -943206904L, 1495806502L, 308015827L, 
-1821408203L, 445701010L, 2136673120L, 1466578633L, -1477088773L, 
-2092722740L, 1474401370L, 888490319L, 554670105L, -1451205074L, 
484082748L, 2059448749L, -1390312873L, -1241580640L, -804069122L, 
-1279884341L, 172971469L, 1986631930L, -164451528L, 1145342177L, 
1847536531L, 385404852L, 1186911426L, -510928681L, -236804831L, 
184722662L, -10292764L, 745499925L, 1367172415L, 1706277080L, 
